76
'articleCount','keyword','articleID'
'57','Facebook','224,841,843,846,847,848,853,858,863,875,876,890,901,907,910,915,917,921,924,925,926,935,938,941,942,943,944,955,959,960,963,964,965,966,970,972,973,975,982,996,997,1000,1002,1003,1012,1013,1015,1016,1019,1022,1023,1026,1028,1029,1039,1044,5199,'
'5','Twitter','917,935,1020,5311,8668,'
'0','Reddit',''
'0','Linkedin',''
'2','Instagram','894,983,'
'2','YouTube','3179,8450,'
'1','Pinterest','5344,'
'0','Google',''
'0','Tumblr',''
'0','Weibo',''
'0','Meetup',''
'1','Hashtag','956,'
'0','Influencer',''
'9','Content','956,2855,3834,4546,4957,5024,5317,8451,9910,'
'17','Strategy','318,1594,2948,3508,3941,8354,8358,8375,8379,8388,8430,8597,8707,8719,9183,9367,9918,'
'5','Marketing','1754,8306,8454,8485,8501,'
'4','Site','857,995,1137,2819,'
'12','Job','4510,4528,4529,4552,4557,4568,4589,4625,8210,8237,8253,9552,'
'3','Platform','1334,3366,3674,'
'8','Usage','857,897,934,981,5315,5328,6347,9316,'
'116','Theory','23,89,123,150,283,369,375,383,392,483,517,525,535,560,762,776,860,915,1044,1047,1185,1602,1619,1621,1633,2009,2053,2059,2074,2217,2261,2364,2427,2661,2745,2820,2948,3153,3240,3362,3405,3825,3854,3923,3931,3954,4070,4072,4074,4079,4118,4160,4384,4389,4391,4515,4522,4526,4536,4555,4578,4601,4608,4610,4611,4703,4712,4727,4755,4757,4760,5104,5116,5119,5142,8237,8238,8287,8306,8406,8412,8439,8446,8455,8458,8464,8474,8510,8512,8638,8710,8782,8809,8818,8901,8905,8986,9007,9021,9023,9046,9092,9099,9168,9184,9192,9251,9305,9371,9501,9539,9642,9698,9762,9820,9945,'
'7','Practice','375,383,392,1069,1122,3153,4721,'
'2','Customer','2858,8441,'
'30','Relationship','50,462,867,886,888,959,990,1291,1497,1589,1762,1992,2007,2480,3281,3554,3649,3955,4653,4721,6941,7836,7960,8829,8951,9182,9427,9536,9562,9743,'
'50','Management','19,352,383,484,485,499,541,545,741,752,956,1054,1058,1079,1082,1997,2025,2102,2477,2502,2804,3443,3580,4211,4321,4401,4500,4696,4723,4730,4731,4748,4761,4783,4809,4992,5090,5106,8310,8325,8394,8452,8459,8462,8472,8497,8504,8508,8509,8758,'
'0','Manager',''
'2','Promotion','5195,9074,'
'82','Network','161,179,197,372,382,580,644,646,653,666,672,885,931,939,948,950,994,1016,1022,1065,1176,1182,1184,1196,1240,1406,1544,1620,2098,2211,2213,2247,2368,2404,2737,2833,2894,2926,3097,3369,3434,3489,3761,3792,3866,3943,4015,4023,4030,4033,4041,4076,4077,4091,4092,4096,4114,4119,4139,4140,4165,4169,4183,4192,5075,5119,6684,8350,8373,8377,8386,8387,8395,8397,8406,8407,8420,8425,8429,8562,8672,9850,'
'3','Spending','8887,9088,9572,'
'113','Impact','228,233,238,286,380,495,499,542,624,830,838,885,910,922,971,1004,1005,1029,1032,1084,1091,1098,1213,1399,1407,1427,1449,1465,1483,1555,1656,1755,2076,2647,2726,2884,3216,3299,3304,3364,3434,3519,3572,3768,3799,3904,4034,4087,4114,4144,4217,4306,4307,4330,4338,4345,4416,4450,4830,4942,4951,4961,4993,5003,5081,5105,5127,5318,5328,5360,6291,6455,8219,8232,8244,8452,8467,8502,8522,8547,8672,8747,8817,8829,8859,8892,8918,8926,8944,8952,9074,9190,9255,9270,9297,9316,9317,9367,9443,9445,9459,9625,9651,9652,9659,9730,9777,9782,9783,9787,9869,9904,9993,'
'33','Influence','37,123,135,531,861,879,930,946,1016,1424,1425,1549,2058,2557,2701,2940,3124,3402,3927,4036,4044,4068,4812,4875,5044,5106,5239,5981,6404,7418,9387,9530,9605,'
'0','Crowdsource',''
'0','Crowdsourcing',''
'0','Crowdfunding',''
'0','Kickstarter',''
'0','GoFundMe',''
'0','Fake',''
'1','News','1031,'
'25','Behavior','338,432,481,564,882,927,967,1017,1137,1220,1232,1405,1956,2008,3790,3969,5108,5332,5392,6923,6979,7314,8439,8478,9007,'
'4','Engagement','133,385,8483,8510,'
'1','ROI','3847,'
'6','Reputation','4012,4022,4023,4040,4070,4602,'
'64','Risk','225,531,961,1093,1260,1334,1361,1398,1491,1506,1566,1579,1618,1867,1933,1940,2007,2060,2146,2157,2280,2494,2502,2659,2661,2689,2753,2802,2925,3018,3197,3264,3480,3850,4203,4301,4321,4366,4565,4575,4588,4595,4599,4623,4775,4802,4814,4824,4995,5231,5264,5307,5328,5332,5350,8284,8306,8310,8312,8319,8336,8699,8811,8965,'
'0','Risky',''
'0','Disaster',''
'5','Politics','8733,8759,8766,8775,9957,'
'17','Political','4203,4235,4240,4247,4374,4420,8786,8902,8942,8984,9025,9043,9080,9299,9513,9733,9924,'
'3','Uses','929,1023,1994,'
'0','Health',''
'1','Brand','398,'
'0','Teens',''
'6','Consumer','422,432,448,459,808,8478,'
'6','Service','85,2861,3742,4531,8197,8253,'
'0','Blog',''
'0','Blogs',''
'0','Blogging',''
'0','Millennial',''
'6','Tourism','8826,8982,9124,9376,9858,9916,'
'57','Information','88,91,470,914,989,1405,1908,2097,2167,2284,2319,2402,2418,2426,2459,2508,2532,2725,2792,2793,2941,3020,3088,3107,3146,3307,3471,3506,3532,3649,4026,4053,4322,4359,4407,4508,4583,4629,4947,4951,4957,5222,6010,6419,6929,7455,8331,8402,8452,8472,8848,9214,9573,9596,9657,9658,9746,'
'2','Nonprofit','367,8394,'
'14','Mining','260,985,2075,2679,2709,2885,2901,2959,3396,3567,3668,3678,3713,8687,'
'0','Analytics',''
'78','Health','123,232,439,961,1143,1158,1249,1262,1276,1287,1294,1323,1339,1351,1356,1374,1375,1377,1387,1394,1399,1416,1428,1429,1434,1442,1443,1449,1456,1475,1476,1489,1490,1522,1542,1548,1557,1576,1577,1724,1755,2477,3572,4613,5040,5059,5172,5198,5200,5211,5232,5237,5279,5314,5318,5332,5335,5344,5350,5364,8240,8532,8842,8855,8859,9236,9255,9329,9372,9419,9443,9539,9602,9844,9870,9979,9990,9994,'
'2','Share','4729,9291,'
'4','Like','3216,3993,4590,5127,'
'0','Recommend',''
'13','Government','307,3109,4569,8623,8759,9203,9260,9423,9499,9552,9605,9740,9770,'
'5','Digital','160,947,1658,3273,8501,'
'3','Revolution','790,9159,9975,'
'2','Medical','2471,5286,'
'4','Crisis','4980,8327,8537,9278,'
'1','Tweet','929,'
'10','Professional','884,4013,4020,4043,4046,4054,4081,4085,8205,8214,'
'0','Occupy',''
'1','Scientist','2597,'
'177','Data','2,130,155,340,433,457,484,511,528,567,848,1163,1334,1678,1700,1707,1756,1884,1886,1988,2077,2142,2156,2173,2249,2274,2277,2430,2560,2570,2604,2607,2709,2720,2792,2813,2856,2878,2905,3005,3108,3139,3233,3291,3396,3426,3457,3458,3459,3567,3586,3642,3661,3668,3670,3716,3731,3801,3827,3885,3953,4214,4373,4393,4425,4445,4464,4476,4489,4523,4597,4812,4922,5181,5514,5551,5635,5658,5707,5716,5786,5921,5935,5975,6096,6153,6169,6215,6234,6252,6292,6312,6326,6379,6425,6431,6448,6455,6473,6503,6513,6571,6572,6653,6672,6805,6819,6859,6953,6970,6973,6974,6985,7007,7066,7088,7153,7172,7198,7219,7227,7263,7265,7396,7437,7499,7562,7592,7618,7619,7639,7678,7720,7737,7779,7811,7829,7976,7995,8050,8098,8108,8138,8250,8285,8289,8360,8378,8656,8667,8682,8787,8807,8985,9008,9016,9024,9040,9071,9143,9165,9175,9181,9258,9307,9401,9417,9418,9492,9527,9613,9844,9858,9884,9916,9969,10000,'
